C:        0.00001140 0.00108520 0.00945050 0.15347680 1.84606730 
API:      0.00001779 0.00113235 0.01305070 0.18218311 1.96250447 
Ctypes:   0.00057661 0.06262237 0.64513019 6.77481093 92.86611265 
python:   0.00700968 0.48265952 4.51162799 44.51784977 472.34280973 